f_bon <- 0.17581589056826
f_ich <- 0.452398344065864
f_lgr <- 0.73571761324428
f_mcn <- 0.52835075388926
f_pra <- 0.640305480060133
f_ris <- 0.592980655082628
h_bon_mcn <- 0.138239334392162
o_bon <- 0.940668177944283
o_ich <- 0.25777123322911
o_lgr <- 0.411146612784226
o_mcn <- 0.532619309145678
o_pra <- 0.0899466510386529
o_ris <- 0.323067371138078
o_rre <- 0.303706058035651
o_wel <- 0.0513851240788093
r_bon_mcn_trib <- 0.757837833702559
r_lgr_trib <- 0.408497107444095
r_mcn_pra_ich_trib <- 0.714076758502684
r_nat_trib <- 0.297211188868301
s_bon_mcn <- 0.0258618696755359
s_ich_lgr <- 0.0395841875564629
s_lgr <- 0.0839816625379525
s_mcn_ich_pra <- 0.00990810740115857
