f_bon <- 0.462551457019219
f_ich <- 0.749456283704595
f_lgr <- 0.445657861309985
f_mcn <- 0.28399606392555
f_pra <- 0.7797733385339
f_ris <- 0.9999
h_bon_mcn <- 0.704805047295587
l_bon <- 0.157288540596103
l_bon_mcn <- 0.914494244849735
l_bon_mcn_trib <- 0.108858301013792
l_ich_lgr <- 0.519258715901049
l_ich_lgr_trib <- 0.109714964408342
l_lgr <- 0.536706283211393
l_lgr_trib <- 0.31486541444472
l_mcn_ich_pra <- 0.511578117360121
l_mcn_pra_ich_trib <- 0.0413161661790775
l_nat_trib <- 0.9999
l_pra_ris <- 0.173309793071774
l_ris_rre <- 0.191146605514927
l_wel <- 0.389172742361292
o_bon <- 0.36788328738298
o_ich <- 0.180866640374003
o_lgr <- 0.700706312968093
o_mcn <- 0.9999
o_pra <- 0.0759059206037153
o_ris <- 0.9999
o_rre <- 0.24796454082198
o_wel <- 0.301864216357911
r_bon_mcn_trib <- 0.0405006984232383
r_lgr_trib <- 0.545762189385731
r_mcn_pra_ich_trib <- 0.183526160571652
r_nat_trib <- 0.0797411192896044
s_bon_mcn <- 0.436981632676454
s_ich_lgr <- 0.55753452020379
s_mcn_ich_pra <- 0.168430578640892
